%YAML:1.0
---
#####################################################################
# 步兵摄像头1
#####################################################################
K: !!opencv-matrix
   rows: 3
   cols: 3
   dt: d
   data: [ 1.3578147052837460e+03, 0., 6.4766297465050820e+02, 0.,
       1.3613136352930267e+03, 4.9531425104381736e+02, 0., 0., 1. ]
D: !!opencv-matrix
   rows: 1
   cols: 5
   dt: d
   data: [ -1.2051809044256936e-01, -4.6491319546047710e-02,
       -7.8269498617802944e-03, -9.0646494909828301e-03,
       7.4478095416362389e-01 ]
Rcb: !!opencv-matrix
   rows: 3
   cols: 3
   dt: f
   data: [ -1., 0., 0.,
           0., 0., 1.,
           0., 1., 0. ]
Tcb: !!opencv-matrix
   rows: 3
   cols: 1
   dt: f
   data: [ 0., 4.4e-02, 8.7e-02 ]
