%YAML:1.0
---
#####################################################################
# 英雄摄像头
#####################################################################
K: !!opencv-matrix
   rows: 3
   cols: 3
   dt: d
   data: [ 1.2084408871736332e+03, 0., 6.4084010888864634e+02, 0.,
       1.2104652179032548e+03, 5.1684847852204553e+02, 0., 0., 1. ]
D: !!opencv-matrix
   rows: 1
   cols: 5
   dt: d
   data: [ -1.4059896761990975e-01, 3.3293893656440345e-02,
       -1.2437554073442625e-03, 3.2809954053763290e-03,
       2.2472604231755519e-01 ]
Rcb: !!opencv-matrix
   rows: 3
   cols: 3
   dt: f
   data: [ -1., 0., 0.,
           0., 0., 1.,
           0., 1., 0. ]
Tcb: !!opencv-matrix
   rows: 3
   cols: 1
   dt: f
   data: [ 0., 4.4e-02, 8.7e-02 ]
