%YAML:1.0
---
#####################################################################
# 哨兵云台
#####################################################################
K: !!opencv-matrix
   rows: 3
   cols: 3
   dt: d
   data: [ 1.2534983275809122e+03, 0., 6.3891258009070918e+02, 0.,
       1.2524445986821324e+03, 5.0692622987316565e+02, 0., 0., 1. ]
D: !!opencv-matrix
   rows: 1
   cols: 5
   dt: d
   data: [ -7.7475440086633707e-02, -8.0000266778289628e-02,
       3.3712498708363402e-04, 1.2421715914995939e-03,
       7.8104853287569231e-01 ]
Rcb: !!opencv-matrix
   rows: 3
   cols: 3
   dt: f
   data: [ -1., 0., 0.,
           0., 0., 1.,
           0., 1., 0. ]
Tcb: !!opencv-matrix
   rows: 3
   cols: 1
   dt: f
   data: [ 0., 4.1e-02, 6.6e-02 ]
