%YAML:1.0
---
#####################################################################
# 步兵摄像头3
#####################################################################
K: !!opencv-matrix
   rows: 3
   cols: 3
   dt: d
   data: [ 1.2822581205482916e+03, 0., 6.3361009171375645e+02, 0.,
       1.2813605282463436e+03, 5.3298643103652671e+02, 0., 0., 1. ]
D: !!opencv-matrix
   rows: 1
   cols: 5
   dt: d
   data: [ -9.9770646177167008e-02, 1.6052818659029544e-01,
       -8.4450428502834581e-04, 1.8693907685465175e-03,
       2.3118753131636211e-02 ]
Rcb: !!opencv-matrix
   rows: 3
   cols: 3
   dt: f
   data: [ -1., 0., 0.,
           0., 0., 1.,
           0., 1., 0. ]
Tcb: !!opencv-matrix
   rows: 3
   cols: 1
   dt: f
   data: [ 0., 4.4e-02, 8.7e-02 ]
