%YAML:1.0
---
#####################################################################
# 步兵摄像头2
#####################################################################
K: !!opencv-matrix
   rows: 3
   cols: 3
   dt: d
   data: [1.2613905598355450e+03, 0., 6.4125258171005567e+02, 0.,
       1.2656093218264966e+03, 5.6942064320522513e+02, 0., 0., 1.]
D: !!opencv-matrix
   rows: 1
   cols: 5
   dt: d
   data: [ -1.0718745252749945e-01, 2.7538311923174846e-01,
       7.9594720371632000e-03, 5.1331827766644682e-04,
       -6.8324950127052075e-01 ]
Rcb: !!opencv-matrix
   rows: 3
   cols: 3
   dt: f
   data: [ -1., 0., 0.,
           0., 0., 1.,
           0., 1., 0. ]
Tcb: !!opencv-matrix
   rows: 3
   cols: 1
   dt: f
   data: [ 0., 4.4e-02, 8.7e-02 ]
